MO.2:V.23,1,0;0;0;0;:MOV.640,512:GC.1*16+0,3:PL.153,500,0:MOV.0,0:V.5:GC.0,7:X=1:Y=1:V.23,224,255,255,255,255,255,255,255,255:F.I=1TO7:V.31,X,Y:P."ĀĀ":Y=Y+1:N.I
V.23,225,0,0,24,31,31,31,63,31
V.23,226,0,0,0,128,208,248,248,240
V.23,227,0,0,0,0,0,0,0,4
Y=Y+1:V.31,X,Y:V.32;32;32;32;32;32;32;32;32;225;226;227;32;32;32;32;32;32;32;32;
V.23,225,0,0,0,0,0,0,0,7
V.23,226,63,63,63,127,127,127,127,255
V.23,227,240,240,240,240,224,240,224,224
V.23,228,31,15,31,31,31,31,63,63
V.23,229,128,240,252,248,248,248,248,248
Y=Y+1:V.31,X,Y:V.32;32;32;32;32;32;225;32;32;226;227;228;229;32;32;32;32;32;32;32;
V.23,225,7,7,15,15,15,31,31,31
V.23,226,224,252,255,255,255,255,255,255
V.23,227,0,0,128,248,255,255,255,255
V.23,228,224,192,192,192,192,128,128,240
V.23,229,63,63,63,127,127,127,127,255
V.23,230,240,240,240,224,224,224,224,224
Y=Y+1:V.31,X,Y:V.32;32;32;32;32;32;225;226;227;224;228;229;230;32;32;32;32;32;32;32;
V.23,225,31,31,31,15,1,0,0,0
V.23,226,255,255,255,255,255,63,31,7
V.23,227,254,255,255,255,255,255,255,255
V.23,228,224,192,192,192,192,248,254,255
Y=Y+1:V.31,X,Y:V.32;32;32;32;32;32;225;226;224;224;227;224;228;32;32;32;32;32;32;32;
V.23,225,7,3,7,7,7,7,7,7
V.23,226,255,255,255,255,255,252,252,252
V.23,227,255,255,255,255,255,127,3,0
V.23,228,192,224,248,252,252,254,255,255
V.23,229,0,0,0,0,0,0,0,128
Y=Y+1:V.31,X,Y:V.32;32;32;32;32;32;32;225;224;226;227;224;224;228;229;32;32;32;32;32;
V.23,225,15,15,15,15,31,15,31,31
V.23,226,248,252,252,248,248,248,248,240
V.23,227,63,15,7,1,1,0,0,0
V.23,228,255,255,255,255,255,255,127,127
V.23,229,192,192,224,224,240,240,240,240
Y=Y+1:V.31,X,Y:V.32;32;32;32;32;32;32;225;224;226;32;227;228;224;229;32;32;32;32;32;
V.23,225,31,31,63,63,63,63,127,127
V.23,226,240,240,240,224,240,224,224,224
V.23,227,63,63,63,63,63,63,127,127
V.23,228,240,248,240,248,240,248,240,240
Y=Y+1:V.31,X,Y:V.32;32;32;32;32;32;32;225;224;226;32;32;227;224;228;32;32;32;32;32;
V.23,225,127,255,127,127,255,255,255,255
V.23,226,192,224,224,252,255,255,255,255
V.23,227,0,0,0,0,208,254,255,255
V.23,228,0,0,0,3,23,127,255,255
V.23,229,127,255,255,255,255,255,255,255
V.23,230,240,240,224,224,224,192,192,192
Y=Y+1:V.31,X,Y:V.32;32;32;32;32;32;32;225;224;226;227;228;229;224;230;32;32;32;32;32;
V.23,225,1,0,1,1,1,3,3,3
V.23,226,255,255,255,255,255,255,255,254
V.23,227,255,255,255,255,255,255,127,3
V.23,228,255,255,254,252,248,224,128,192
V.23,229,128,0,0,0,0,0,0,0
Y=Y+1:V.31,X,Y:V.32;32;32;32;32;32;225;224;226;227;224;224;224;228;229;32;32;32;32;32;
V.23,225,3,3,3,7,7,7,7,15
V.23,226,254,254,254,254,254,252,252,252
V.23,227,127,31,7,0,0,0,0,0
V.23,228,255,255,255,255,127,63,31,15
V.23,229,240,248,248,254,254,255,255,255
V.23,230,0,0,0,0,0,0,0,128
Y=Y+1:V.31,X,Y:V.32;32;32;32;32;32;225;224;226;32;227;228;224;229;230;32;32;32;32;32;
V.23,225,0,0,0,0,0,0,192,250
V.23,226,15,15,15,31,31,31,31,63
V.23,227,252,248,248,248,248,240,248,240
V.23,228,7,7,3,1,1,1,1,1
V.23,229,128,128,192,192,192,192,224,192
Y=Y+1:V.31,X,Y:V.32;32;32;32;32;225;226;224;227;32;32;228;224;224;229;32;32;32;32;32;
V.23,225,1,1,1,3,3,3,7,7
V.23,226,240,240,240,224,224,224,240,255
V.23,227,1,1,1,3,3,7,7,31
V.23,228,192,192,192,192,192,192,192,128
Y=Y+1:V.31,X,Y:V.32;32;32;32;225;224;224;224;226;32;32;227;224;224;228;32;32;32;32;32;
V.23,225,15,15,15,7,0,0,0,0
V.23,226,255,255,255,255,255,31,2,0
V.23,227,255,255,255,255,255,255,255,31
V.23,228,224,255,255,255,255,255,255,255
V.23,229,0,131,255,255,255,255,255,255
V.23,230,63,255,255,255,255,255,255,255
V.23,231,255,255,255,255,255,255,254,254
V.23,232,128,128,128,0,0,0,0,0
Y=Y+1:V.31,X,Y:V.32;32;32;32;225;226;227;224;224;228;229;230;224;231;232;32;32;32;32;32;
V.23,225,11,3,3,3,7,7,7,7
V.23,226,255,255,255,255,255,254,254,254
V.23,227,255,255,255,255,63,15,1,3
V.23,228,255,255,255,255,255,255,255,254
V.23,229,252,252,248,240,224,224,128,0
Y=Y+1:V.31,X,Y:V.32;32;32;32;32;32;225;226;227;224;224;224;228;229;32;32;32;32;32;32;
V.23,225,7,15,15,15,15,31,31,31
V.23,226,254,252,254,252,252,252,252,248
V.23,227,3,3,3,3,7,7,7,7
V.23,228,255,255,255,255,255,254,254,254
V.23,229,255,29,0,0,0,0,0,0
V.23,230,255,255,36,0,0,0,0,0
V.23,231,248,208,0,0,0,0,0,0
Y=Y+1:V.31,X,Y:V.32;32;32;32;32;32;225;226;227;228;229;230;231;32;32;32;32;32;32;32;
V.23,225,31,31,31,31,3,0,0,0
V.23,226,248,248,248,240,248,112,0,0
V.23,227,15,7,15,15,15,15,31,31
V.23,228,254,252,252,252,248,252,252,248
Y=Y+1:V.31,X,Y:V.32;32;32;32;32;32;225;226;227;228;32;32;32;32;32;32;32;32;32;32;
V.23,225,31,2,0,0,0,0,0,0
V.23,226,248,248,24,0,0,0,0,0
Y=Y+1:V.31,X,Y:V.32;32;32;32;32;32;32;32;225;226;32;32;32;32;32;32;32;32;32;32;
F.I=1TO7:V.31,X,Y:P."ĀĀ":Y=Y+1:N.I
