REM Prints out the Bitcoin logo in Mode 5

MODE5:VDU23,1,0;0;0;0;
MOVE 640,512
GCOL 1*16+0,3: PLOT 153,500,0
MOVE 0,00:VDU5
VDU 23,17,7,2,100;100;0,0
GCOL 0,7:
SPRX=1
SPRY=1
VDU23,224,255,255,255,255,255,255,255,255
VDU31,SPRX,SPRY:VDU32;32;32;32;32;32;32;32;32;32;32;32;32;32;32;32;32;32;32;32;
SPRY=SPRY+1:VDU31,SPRX,SPRY:VDU32;32;32;32;32;32;32;32;32;32;32;32;32;32;32;32;32;32;32;32;
SPRY=SPRY+1:VDU31,SPRX,SPRY:VDU32;32;32;32;32;32;32;32;32;32;32;32;32;32;32;32;32;32;32;32;
SPRY=SPRY+1:VDU31,SPRX,SPRY:VDU32;32;32;32;32;32;32;32;32;32;32;32;32;32;32;32;32;32;32;32;
SPRY=SPRY+1:VDU31,SPRX,SPRY:VDU32;32;32;32;32;32;32;32;32;32;32;32;32;32;32;32;32;32;32;32;
SPRY=SPRY+1:VDU31,SPRX,SPRY:VDU32;32;32;32;32;32;32;32;32;32;32;32;32;32;32;32;32;32;32;32;
SPRY=SPRY+1:VDU31,SPRX,SPRY:VDU32;32;32;32;32;32;32;32;32;32;32;32;32;32;32;32;32;32;32;32;
SPRY=SPRY+1:VDU31,SPRX,SPRY:VDU32;32;32;32;32;32;32;32;32;32;32;32;32;32;32;32;32;32;32;32;
VDU23,225,0,0,24,31,31,31,63,31
VDU23,226,0,0,0,128,208,248,248,240
VDU23,227,0,0,0,0,0,0,0,4
SPRY=SPRY+1:VDU31,SPRX,SPRY:VDU32;32;32;32;32;32;32;32;32;225;226;227;32;32;32;32;32;32;32;32;
VDU23,225,0,0,0,0,0,0,0,7
VDU23,226,63,63,63,127,127,127,127,255
VDU23,227,240,240,240,240,224,240,224,224
VDU23,228,31,15,31,31,31,31,63,63
VDU23,229,128,240,252,248,248,248,248,248
SPRY=SPRY+1:VDU31,SPRX,SPRY:VDU32;32;32;32;32;32;225;32;32;226;227;228;229;32;32;32;32;32;32;32;
VDU23,225,7,7,15,15,15,31,31,31
VDU23,226,224,252,255,255,255,255,255,255
VDU23,227,0,0,128,248,255,255,255,255
VDU23,228,224,192,192,192,192,128,128,240
VDU23,229,63,63,63,127,127,127,127,255
VDU23,230,240,240,240,224,224,224,224,224
SPRY=SPRY+1:VDU31,SPRX,SPRY:VDU32;32;32;32;32;32;225;226;227;224;228;229;230;32;32;32;32;32;32;32;
VDU23,225,31,31,31,15,1,0,0,0
VDU23,226,255,255,255,255,255,63,31,7
VDU23,227,254,255,255,255,255,255,255,255
VDU23,228,224,192,192,192,192,248,254,255
SPRY=SPRY+1:VDU31,SPRX,SPRY:VDU32;32;32;32;32;32;225;226;224;224;227;224;228;32;32;32;32;32;32;32;
VDU23,225,7,3,7,7,7,7,7,7
VDU23,226,255,255,255,255,255,252,252,252
VDU23,227,255,255,255,255,255,127,3,0
VDU23,228,192,224,248,252,252,254,255,255
VDU23,229,0,0,0,0,0,0,0,128
SPRY=SPRY+1:VDU31,SPRX,SPRY:VDU32;32;32;32;32;32;32;225;224;226;227;224;224;228;229;32;32;32;32;32;
VDU23,225,15,15,15,15,31,15,31,31
VDU23,226,248,252,252,248,248,248,248,240
VDU23,227,63,15,7,1,1,0,0,0
VDU23,228,255,255,255,255,255,255,127,127
VDU23,229,192,192,224,224,240,240,240,240
SPRY=SPRY+1:VDU31,SPRX,SPRY:VDU32;32;32;32;32;32;32;225;224;226;32;227;228;224;229;32;32;32;32;32;
VDU23,225,31,31,63,63,63,63,127,127
VDU23,226,240,240,240,224,240,224,224,224
VDU23,227,63,63,63,63,63,63,127,127
VDU23,228,240,248,240,248,240,248,240,240
SPRY=SPRY+1:VDU31,SPRX,SPRY:VDU32;32;32;32;32;32;32;225;224;226;32;32;227;224;228;32;32;32;32;32;
VDU23,225,127,255,127,127,255,255,255,255
VDU23,226,192,224,224,252,255,255,255,255
VDU23,227,0,0,0,0,208,254,255,255
VDU23,228,0,0,0,3,23,127,255,255
VDU23,229,127,255,255,255,255,255,255,255
VDU23,230,240,240,224,224,224,192,192,192
SPRY=SPRY+1:VDU31,SPRX,SPRY:VDU32;32;32;32;32;32;32;225;224;226;227;228;229;224;230;32;32;32;32;32;
VDU23,225,1,0,1,1,1,3,3,3
VDU23,226,255,255,255,255,255,255,255,254
VDU23,227,255,255,255,255,255,255,127,3
VDU23,228,255,255,254,252,248,224,128,192
VDU23,229,128,0,0,0,0,0,0,0
SPRY=SPRY+1:VDU31,SPRX,SPRY:VDU32;32;32;32;32;32;225;224;226;227;224;224;224;228;229;32;32;32;32;32;
VDU23,225,3,3,3,7,7,7,7,15
VDU23,226,254,254,254,254,254,252,252,252
VDU23,227,127,31,7,0,0,0,0,0
VDU23,228,255,255,255,255,127,63,31,15
VDU23,229,240,248,248,254,254,255,255,255
VDU23,230,0,0,0,0,0,0,0,128
SPRY=SPRY+1:VDU31,SPRX,SPRY:VDU32;32;32;32;32;32;225;224;226;32;227;228;224;229;230;32;32;32;32;32;
VDU23,225,0,0,0,0,0,0,192,250
VDU23,226,15,15,15,31,31,31,31,63
VDU23,227,252,248,248,248,248,240,248,240
VDU23,228,7,7,3,1,1,1,1,1
VDU23,229,128,128,192,192,192,192,224,192
SPRY=SPRY+1:VDU31,SPRX,SPRY:VDU32;32;32;32;32;225;226;224;227;32;32;228;224;224;229;32;32;32;32;32;
VDU23,225,1,1,1,3,3,3,7,7
VDU23,226,240,240,240,224,224,224,240,255
VDU23,227,1,1,1,3,3,7,7,31
VDU23,228,192,192,192,192,192,192,192,128
SPRY=SPRY+1:VDU31,SPRX,SPRY:VDU32;32;32;32;225;224;224;224;226;32;32;227;224;224;228;32;32;32;32;32;
VDU23,225,15,15,15,7,0,0,0,0
VDU23,226,255,255,255,255,255,31,2,0
VDU23,227,255,255,255,255,255,255,255,31
VDU23,228,224,255,255,255,255,255,255,255
VDU23,229,0,131,255,255,255,255,255,255
VDU23,230,63,255,255,255,255,255,255,255
VDU23,231,255,255,255,255,255,255,254,254
VDU23,232,128,128,128,0,0,0,0,0
SPRY=SPRY+1:VDU31,SPRX,SPRY:VDU32;32;32;32;225;226;227;224;224;228;229;230;224;231;232;32;32;32;32;32;
VDU23,225,11,3,3,3,7,7,7,7
VDU23,226,255,255,255,255,255,254,254,254
VDU23,227,255,255,255,255,63,15,1,3
VDU23,228,255,255,255,255,255,255,255,254
VDU23,229,252,252,248,240,224,224,128,0
SPRY=SPRY+1:VDU31,SPRX,SPRY:VDU32;32;32;32;32;32;225;226;227;224;224;224;228;229;32;32;32;32;32;32;
VDU23,225,7,15,15,15,15,31,31,31
VDU23,226,254,252,254,252,252,252,252,248
VDU23,227,3,3,3,3,7,7,7,7
VDU23,228,255,255,255,255,255,254,254,254
VDU23,229,255,29,0,0,0,0,0,0
VDU23,230,255,255,36,0,0,0,0,0
VDU23,231,248,208,0,0,0,0,0,0
SPRY=SPRY+1:VDU31,SPRX,SPRY:VDU32;32;32;32;32;32;225;226;227;228;229;230;231;32;32;32;32;32;32;32;
VDU23,225,31,31,31,31,3,0,0,0
VDU23,226,248,248,248,240,248,112,0,0
VDU23,227,15,7,15,15,15,15,31,31
VDU23,228,254,252,252,252,248,252,252,248
SPRY=SPRY+1:VDU31,SPRX,SPRY:VDU32;32;32;32;32;32;225;226;227;228;32;32;32;32;32;32;32;32;32;32;
VDU23,225,31,2,0,0,0,0,0,0
VDU23,226,248,248,24,0,0,0,0,0
SPRY=SPRY+1:VDU31,SPRX,SPRY:VDU32;32;32;32;32;32;32;32;225;226;32;32;32;32;32;32;32;32;32;32;
SPRY=SPRY+1:VDU31,SPRX,SPRY:VDU32;32;32;32;32;32;32;32;32;32;32;32;32;32;32;32;32;32;32;32;
SPRY=SPRY+1:VDU31,SPRX,SPRY:VDU32;32;32;32;32;32;32;32;32;32;32;32;32;32;32;32;32;32;32;32;
SPRY=SPRY+1:VDU31,SPRX,SPRY:VDU32;32;32;32;32;32;32;32;32;32;32;32;32;32;32;32;32;32;32;32;
SPRY=SPRY+1:VDU31,SPRX,SPRY:VDU32;32;32;32;32;32;32;32;32;32;32;32;32;32;32;32;32;32;32;32;
SPRY=SPRY+1:VDU31,SPRX,SPRY:VDU32;32;32;32;32;32;32;32;32;32;32;32;32;32;32;32;32;32;32;32;
SPRY=SPRY+1:VDU31,SPRX,SPRY:VDU32;32;32;32;32;32;32;32;32;32;32;32;32;32;32;32;32;32;32;32;
SPRY=SPRY+1:VDU31,SPRX,SPRY:VDU32;32;32;32;32;32;32;32;32;32;32;32;32;32;32;32;32;32;32;32;5
